3 0.3890625 0.2601851851851852 0.0125 0.018518518518518517
4 0.0921875 0.013425925925925926 0.0125 0.021296296296296296
3 0.6841145833333333 0.8587962962962963 0.008854166666666666 0.019444444444444445
6 0.434375 0.799074074074074 0.011458333333333333 0.012962962962962963
0 0.17239583333333333 0.8550925925925926 0.009375 0.017592592592592594
8 0.9440104166666666 0.08101851851851852 0.0026041666666666665 0.01574074074074074
7 0.86484375 0.7925925925925926 0.0046875 0.011111111111111112
3 0.022135416666666668 0.774074074074074 0.013020833333333334 0.025925925925925925
6 0.8817708333333333 0.18888888888888888 0.009375 0.007407407407407408
3 0.30546875 0.35555555555555557 0.0140625 0.020370370370370372
1 0.29973958333333334 0.8708333333333333 0.0140625 0.025
1 0.6955729166666667 0.6717592592592593 0.016145833333333335 0.028703703703703703
1 0.051041666666666666 0.4050925925925926 0.015625 0.030555555555555555
4 0.9770833333333333 0.09305555555555556 0.013541666666666667 0.026851851851851852
7 0.9309895833333334 0.34305555555555556 0.0036458333333333334 0.010185185185185186
3 0.165625 0.524074074074074 0.009375 0.020370370370370372
5 0.8380208333333333 0.08009259259259259 0.013541666666666667 0.025
0 0.3145833333333333 0.6953703703703704 0.0125 0.022222222222222223