1 0.1140625 0.6814814814814815 0.013541666666666667 0.022222222222222223
6 0.5924479166666666 0.913425925925926 0.0067708333333333336 0.019444444444444445
7 0.9786458333333333 0.029166666666666667 0.004166666666666667 0.006481481481481481
1 0.6744791666666666 0.016203703703703703 0.015625 0.028703703703703703
7 0.9294270833333333 0.12314814814814815 0.0026041666666666665 0.009259259259259259
3 0.8606770833333334 0.8583333333333333 0.008854166666666666 0.018518518518518517
1 0.12473958333333333 0.5856481481481481 0.0171875 0.028703703703703703
8 0.8708333333333333 0.3925925925925926 0.004166666666666667 0.014814814814814815
8 0.85546875 0.7361111111111112 0.008854166666666666 0.012962962962962963
5 0.8817708333333333 0.36342592592592593 0.011458333333333333 0.019444444444444445
0 0.10182291666666667 0.2587962962962963 0.013020833333333334 0.025
2 0.73671875 0.7569444444444444 0.016145833333333335 0.030555555555555555
8 0.9598958333333333 0.8004629629629629 0.010416666666666666 0.012037037037037037
4 0.9833333333333333 0.6856481481481481 0.011458333333333333 0.017592592592592594
1 0.678125 0.6462962962962963 0.0125 0.022222222222222223
3 0.75859375 0.4300925925925926 0.013020833333333334 0.025
5 0.11484375 0.2902777777777778 0.015104166666666667 0.026851851851851852
3 0.6466145833333333 0.15 0.008854166666666666 0.020370370370370372
0 0.13411458333333334 0.7532407407407408 0.013020833333333334 0.023148148148148147
1 0.2125 0.36018518518518516 0.010416666666666666 0.020370370370370372
1 0.7325520833333333 0.05740740740740741 0.016145833333333335 0.02962962962962963
8 0.078125 0.425 0.007291666666666667 0.012962962962962963
1 0.07083333333333333 0.9638888888888889 0.011458333333333333 0.018518518518518517
7 0.21458333333333332 0.49675925925925923 0.004166666666666667 0.008333333333333333
5 0.22265625 0.11944444444444445 0.011979166666666667 0.020370370370370372
2 0.6455729166666667 0.8537037037037037 0.018229166666666668 0.03148148148148148
2 0.9419270833333333 0.9800925925925926 0.018229166666666668 0.032407407407407406
4 0.2734375 0.3013888888888889 0.0125 0.021296296296296296
8 0.36171875 0.09351851851851851 0.0078125 0.014814814814814815