5 0.96640625 0.21481481481481482 0.011979166666666667 0.020370370370370372
0 0.33645833333333336 0.03611111111111111 0.014583333333333334 0.025925925925925925
3 0.8674479166666667 0.9208333333333333 0.008854166666666666 0.019444444444444445
8 0.1515625 0.7699074074074074 0.010416666666666666 0.017592592592592594
3 0.22838541666666667 0.08194444444444444 0.011979166666666667 0.019444444444444445
5 0.78203125 0.44166666666666665 0.016145833333333335 0.027777777777777776
4 0.384375 0.11851851851851852 0.009375 0.016666666666666666
2 0.03515625 0.4726851851851852 0.018229166666666668 0.030555555555555555
0 0.07838541666666667 0.13194444444444445 0.015104166666666667 0.028703703703703703
5 0.48463541666666665 0.8361111111111111 0.011979166666666667 0.022222222222222223
2 0.7833333333333333 0.7861111111111111 0.013541666666666667 0.024074074074074074
6 0.56953125 0.8870370370370371 0.005729166666666666 0.020370370370370372
0 0.18880208333333334 0.017592592592592594 0.013020833333333334 0.024074074074074074
8 0.9010416666666666 0.2847222222222222 0.010416666666666666 0.008333333333333333
1 0.26953125 0.05185185185185185 0.013020833333333334 0.020370370370370372
2 0.4630208333333333 0.2101851851851852 0.015625 0.027777777777777776
7 0.3653645833333333 0.7189814814814814 0.005729166666666666 0.010185185185185186
0 0.31744791666666666 0.29583333333333334 0.0109375 0.021296296296296296
7 0.3619791666666667 0.5157407407407407 0.004166666666666667 0.009259259259259259
7 0.5890625 0.8935185185185185 0.004166666666666667 0.009259259259259259
0 0.046875 0.8759259259259259 0.0125 0.024074074074074074
6 0.026822916666666665 0.524537037037037 0.009895833333333333 0.013888888888888888
0 0.83359375 0.5606481481481481 0.011979166666666667 0.023148148148148147
3 0.228125 0.22962962962962963 0.011458333333333333 0.020370370370370372
5 0.7330729166666666 0.6800925925925926 0.013020833333333334 0.021296296296296296
2 0.6315104166666666 0.10972222222222222 0.016145833333333335 0.026851851851851852
2 0.35234375 0.9523148148148148 0.016145833333333335 0.028703703703703703
6 0.84609375 0.27037037037037037 0.0109375 0.007407407407407408
0 0.7744791666666667 0.9203703703703704 0.010416666666666666 0.020370370370370372
4 0.3026041666666667 0.33935185185185185 0.011458333333333333 0.019444444444444445
8 0.6234375 0.21296296296296297 0.010416666666666666 0.009259259259259259
8 0.2877604166666667 0.5976851851851852 0.008854166666666666 0.01574074074074074
4 0.2825520833333333 0.6157407407407407 0.015104166666666667 0.025925925925925925
5 0.9088541666666666 0.025 0.015625 0.027777777777777776