1 0.4083333333333333 0.28888888888888886 0.013541666666666667 0.022222222222222223
2 0.81328125 0.36435185185185187 0.0171875 0.032407407407407406
4 0.6473958333333333 0.05138888888888889 0.0125 0.025
6 0.32369791666666664 0.7962962962962963 0.008854166666666666 0.012962962962962963
2 0.09661458333333334 0.4810185185185185 0.013020833333333334 0.021296296296296296
7 0.06380208333333333 0.7152777777777778 0.0046875 0.004629629629629629
6 0.47630208333333335 0.3925925925925926 0.011979166666666667 0.012962962962962963
5 0.8549479166666667 0.21481481481481482 0.0109375 0.018518518518518517
4 0.8541666666666666 0.8569444444444444 0.011458333333333333 0.023148148148148147
6 0.48776041666666664 0.6541666666666667 0.008854166666666666 0.017592592592592594
8 0.09609375 0.924074074074074 0.0078125 0.016666666666666666
3 0.6666666666666666 0.888425925925926 0.013541666666666667 0.025
0 0.32708333333333334 0.3074074074074074 0.0125 0.024074074074074074
6 0.5841145833333333 0.7787037037037037 0.008854166666666666 0.020370370370370372
4 0.0484375 0.008796296296296297 0.010416666666666666 0.017592592592592594
4 0.48125 0.2050925925925926 0.014583333333333334 0.025
4 0.9765625 0.3824074074074074 0.014583333333333334 0.022222222222222223
1 0.5765625 0.6592592592592592 0.015625 0.02962962962962963
1 0.07994791666666666 0.7986111111111112 0.015104166666666667 0.025
4 0.6729166666666667 0.4064814814814815 0.008333333333333333 0.016666666666666666
8 0.4359375 0.5324074074074074 0.011458333333333333 0.009259259259259259
4 0.17291666666666666 0.24537037037037038 0.011458333333333333 0.024074074074074074
1 0.6046875 0.5791666666666667 0.015625 0.025
5 0.5161458333333333 0.9402777777777778 0.015625 0.026851851851851852
8 0.47760416666666666 0.5777777777777777 0.008333333333333333 0.018518518518518517
2 0.03671875 0.6902777777777778 0.019270833333333334 0.03425925925925926
7 0.73515625 0.15925925925925927 0.005729166666666666 0.011111111111111112
6 0.0078125 0.5185185185185185 0.008333333333333333 0.012962962962962963
4 0.21119791666666668 0.21203703703703702 0.015104166666666667 0.025925925925925925
6 0.35494791666666664 0.8074074074074075 0.0046875 0.016666666666666666
6 0.5627604166666667 0.6101851851851852 0.0078125 0.022222222222222223
2 0.4640625 0.9467592592592593 0.016666666666666666 0.028703703703703703
6 0.6283854166666667 0.10231481481481482 0.005729166666666666 0.017592592592592594
6 0.38984375 0.11712962962962963 0.0046875 0.019444444444444445
2 0.76015625 0.5541666666666667 0.0171875 0.030555555555555555
5 0.5552083333333333 0.8245370370370371 0.009375 0.017592592592592594
7 0.36276041666666664 0.5083333333333333 0.0067708333333333336 0.009259259259259259
0 0.3138020833333333 0.022222222222222223 0.009895833333333333 0.018518518518518517
2 0.43255208333333334 0.4356481481481482 0.019270833333333334 0.03425925925925926
7 0.94453125 0.16712962962962963 0.005729166666666666 0.010185185185185186
5 0.2791666666666667 0.06712962962962964 0.013541666666666667 0.025
8 0.93203125 0.6601851851851852 0.008854166666666666 0.009259259259259259
3 0.33984375 0.9898148148148148 0.0140625 0.020370370370370372
6 0.05130208333333333 0.5884259259259259 0.0078125 0.017592592592592594
8 0.054427083333333334 0.7888888888888889 0.0078125 0.014814814814814815
7 0.25885416666666666 0.1912037037037037 0.004166666666666667 0.008333333333333333
2 0.88125 0.8245370370370371 0.017708333333333333 0.030555555555555555