2 0.05963541666666667 0.5995370370370371 0.0171875 0.032407407407407406
2 0.8986979166666667 0.6347222222222222 0.015104166666666667 0.025
4 0.5104166666666666 0.6486111111111111 0.010416666666666666 0.019444444444444445
5 0.46067708333333335 0.08148148148148149 0.011979166666666667 0.020370370370370372
4 0.9864583333333333 0.3263888888888889 0.011458333333333333 0.021296296296296296
6 0.21536458333333333 0.42592592592592593 0.008854166666666666 0.014814814814814815
0 0.5588541666666667 0.5583333333333333 0.011458333333333333 0.018518518518518517
7 0.4544270833333333 0.16296296296296298 0.0067708333333333336 0.009259259259259259
5 0.46640625 0.375 0.013020833333333334 0.022222222222222223
5 0.03567708333333333 0.8675925925925926 0.013020833333333334 0.024074074074074074
3 0.68828125 0.09027777777777778 0.009895833333333333 0.021296296296296296
3 0.4083333333333333 0.6949074074074074 0.010416666666666666 0.019444444444444445
8 0.16354166666666667 0.7759259259259259 0.011458333333333333 0.012962962962962963
6 0.89453125 0.950925925925926 0.0109375 0.012962962962962963
7 0.653125 0.4185185185185185 0.00625 0.007407407407407408
0 0.88046875 0.624537037037037 0.016145833333333335 0.028703703703703703
0 0.8447916666666667 0.3106481481481482 0.017708333333333333 0.030555555555555555
6 0.07473958333333333 0.17037037037037037 0.008854166666666666 0.020370370370370372
8 0.32317708333333334 0.03657407407407407 0.005729166666666666 0.01574074074074074
7 0.4934895833333333 0.7092592592592593 0.0046875 0.011111111111111112
8 0.10130208333333333 0.9875 0.009895833333333333 0.012037037037037037
1 0.45260416666666664 0.9268518518518518 0.014583333333333334 0.025925925925925925
6 0.7052083333333333 0.004629629629629629 0.009375 0.009259259259259259
2 0.07760416666666667 0.9490740740740741 0.015625 0.027777777777777776
4 0.071875 0.3199074074074074 0.011458333333333333 0.019444444444444445
2 0.06692708333333333 0.08101851851851852 0.016145833333333335 0.026851851851851852
7 0.7674479166666667 0.1597222222222222 0.005729166666666666 0.010185185185185186
2 0.4192708333333333 0.8828703703703704 0.014583333333333334 0.026851851851851852
0 0.04088541666666667 0.2638888888888889 0.013020833333333334 0.025925925925925925
5 0.21354166666666666 0.7379629629629629 0.011458333333333333 0.022222222222222223
7 0.6580729166666667 0.6439814814814815 0.005729166666666666 0.008333333333333333
1 0.9802083333333333 0.7476851851851852 0.015625 0.026851851851851852
4 0.045572916666666664 0.7527777777777778 0.009895833333333333 0.020370370370370372
7 0.08307291666666666 0.08935185185185185 0.005729166666666666 0.010185185185185186
0 0.7182291666666667 0.42083333333333334 0.014583333333333334 0.023148148148148147
3 0.5645833333333333 0.8041666666666667 0.0125 0.01574074074074074
8 0.45416666666666666 0.1638888888888889 0.008333333333333333 0.009259259259259259
1 0.7885416666666667 0.06666666666666667 0.011458333333333333 0.018518518518518517
7 0.9830729166666666 0.6185185185185185 0.005729166666666666 0.007407407407407408
4 0.7421875 0.0625 0.009375 0.013888888888888888
5 0.8796875 0.7041666666666667 0.0125 0.021296296296296296
1 0.70859375 0.2439814814814815 0.011979166666666667 0.021296296296296296
0 0.2565104166666667 0.2828703703703704 0.0171875 0.028703703703703703
2 0.14765625 0.06898148148148148 0.018229166666666668 0.032407407407407406
3 0.3216145833333333 0.6291666666666667 0.011979166666666667 0.019444444444444445